221100391
-446372
940051340
-1162332389
-1260391298
1753136404
-1622849239
1560449386
-1995405543
-891603409
-142665000
-1630309372
103277719
2039417034
-1318051135
1318994925
-2029676945
-1479525855
-1474307112
-2114256007
1390289198
1148617284
760721542
755519007
430159296
1686232586
1895847817
1624292754
611463917
-937178042
-151151849
-1141306350
1073429286
-821908936
-270733751
2004715518
1131897474
2146558790
252540087
916106414
1265481986
1154541547
463364191
-161090433
217265436
-1171473
1357564362
341391406
-1877491081
-60142632
1902667377
-463196311
-1353778958
1911294368
-1858027172
205317795
-1174487062
1555722407
1588779531
1004617255
-633445956
-246351637
1974816154
-1614231953
1970590600
351150453
-382767585
-513307210
-986893000
-691959274
279047254
-610815284
-1251684928
-1368034221
729675648
-1953967832
-1878653018
1075503005
99874695
-919496125
-965201467
37663941
1542538597
355545123
-362543027
-2073971538
-1063877177
1121129781
-1974908403
1366564419
-1192850963
-54409888
-1652433420
-829341781
168286931
1998670934
-1441575724
-1052350789
-462335339
59534636
